-3.2744
1.0945
-2.63249
11.1756
-8.12506
6.39624
-2.48433
0.428416
-11.645
-1.97522
-9.66332
2.36517
0.0104961
1.44972
1.32415
-3.15802
8.57912
6.6223
2.05769
-1.33285
9.48138
-5.38955
-1.7804
-13.2764
6.64335
4.89312
-2.35337
-2.54293
4.811
0.743267
10.4917
-6.77509
3.33182
9.51546
-4.13001
-6.50845
-5.9033
3.9908
3.38574
-9.94303
8.98731
-2.80624
-7.66456
9.77123
-8.09579
-1.52843
1.82889
-2.03418
-11.6295
-8.99367
9.42175
3.26295
0.949876
-1.08145
-1.70094
10.2881
2.9042
-5.2089
5.89768
-7.36728
-2.37673
-7.92398
2.27843
3.48239
1.06039
5.80734
-0.486341
-10.9004
-2.45819
-4.04638
0.0874358
8.45752
-18.4566
3.27488
-8.02747
5.4683
-5.8114
5.26612
-6.10495
-0.816519
-4.29513
-7.62708
-8.44193
3.32024
8.16421
-10.0392
-2.9312
5.78867
-5.618
-8.7041
8.66449
-2.76567
-2.84499
0.410984
-7.04026
5.03367
10.538
-3.75628
-2.48393
2.33842
-11.0976
6.59991
11.5101
0.78397
-8.79929
7.89327
-2.62702
0.663319
-8.08502
1.20271
8.4142
-8.97181
-0.818687
3.6607
-6.15837
-10.9704
7.20172
6.73954
-3.81608
-0.238645
0.0895246
-6.74747
5.62647
-4.60316
10.0859
-1.52658
-9.33853
-12.7559
-9.56376
0.39097
-12.11
-3.25191
12.5101
3.89046
-4.13609
-3.20235
8.81874
8.23334
3.01061
-4.58901
3.04536
3.1251
-1.34398
-1.19627
-3.38489
-0.500342
-10.0394
-10.9673
3.1241
10.417
2.34266
-8.55918
-0.400257
-7.44922
-0.568049
-0.147764
8.31579
-2.31214
2.12565
10.7756
3.74673
7.49502
2.46618
10.3768
6.33166
4.79026
4.42283
-3.54584
-2.47641
-3.11536
1.20515
-7.99452
5.37086
2.16449
12.4713
-2.08477
-6.03407
6.23504
9.28092
-6.13004
9.14558
-5.68977
8.20995
-0.823969
1.64651
4.79098
3.16453
-7.07823
7.04937
-6.28916
1.97299
2.93847
1.00889
-11.0058
1.13436
1.84854
2.79921
3.76698
4.27136
9.58233
-7.21654
-10.3853
-9.05814
-7.50379
8.19509
-5.70414
0.861811
0.978715
12.9544
6.23902
3.29644
7.38164
0.546493
2.56236
11.2543
0.21763
-0.286384
1.39718
3.46893
3.66655
-14.2677
5.01739
-5.9069
5.34956
-1.28101
1.85769
-1.2972
1.23656
-8.36567
-6.45635
3.98755
8.48222
-10.1262
3.49625
-0.136019
-11.8432
6.57729
-3.58559
-13.8604
-4.15644
-9.66256
3.59137
-10.069
-1.98694
4.24989
1.90001
0.677181
9.65316
-2.48144
9.06588
7.38275
-0.391014
1.40577
1.12046
-9.44443
-7.05556
2.19797
-5.00713
-8.9262
-1.01362
-2.28963
-3.12113
-0.439354
8.41101
2.21903
3.82226
7.88491
1.77858
-5.87972
-3.05975
-4.92118
2.62587
3.23841
2.58636
-13.1349
-9.92217
-0.152774
11.0107
4.41454
5.45984
10.0207
-6.49901
6.76704
-11.6226
5.72128
-3.435
0.61515
6.72582
4.31398
-4.62721
-9.53866
3.66947
-3.99022
5.99562
0.768824